DATE,TOTAL_CASES,NEW_CASES,TOTAL_CONFIRMED,NEW_CONFIRMED,POS_TESTS,NEG_TESTS,TOTAL_TESTS,NEW_TESTS,NEW_DEATHS,TOTAL_DEATHS,NEW_RECOVERED,TOTAL_RECOVERED,NEW_ACTIVE,TOTAL_ACTIVE,NEW_HOSP,TOTAL_HOSP
3/4/2020,0,,,,,,,,,,,,,,,
3/5/2020,1,1,,,,,,,,,,,,,,
3/6/2020,1,0,,,,,,,,,,,,,,
3/7/2020,1,0,,,,,,,,,,,,,,
3/8/2020,3,2,,,,,,,,,,,,,,
3/9/2020,4,1,,,,,,,,,,,,,,
3/10/2020,7,3,,,,,,,,,,,,,,
3/11/2020,9,2,,,,,,,,,,,,,,
3/12/2020,18,9,,,,,,,,,,,,,,
3/13/2020,26,8,,,,,,,,,,,,,,
3/14/2020,32,6,,,,,,,,,,,,,,
3/15/2020,39,7,,,,,,,,,,,,,,
3/16/2020,52,13,,,,,,,,,,,,,,
3/17/2020,73,21,,,,,,,,,,,,,,
3/18/2020,98,25,,,,,,,,,,,,,,
3/19/2020,154,56,,,,,,,,,,,,,,
3/20/2020,228,74,,,,,,,,0,,,,,,
3/21/2020,371,143,,,,,,,1,1,,,,,,
3/22/2020,505,134,,,,,,,1,2,,,,,,
3/23/2020,615,110,,,,,,,0,2,,,,,,
3/24/2020,667,52,,,667,10477,11144,,0,2,,,,,,
3/25/2020,784,117,,,784,11012,11796,652,1,3,,,,781,,53
3/26/2020,957,173,,,957,13952,14909,3113,0,3,,,173,954,23,76
3/27/2020,1203,246,,,1203,14888,16091,1182,3,6,,,243,1197,27,103
3/28/2020,1373,170,,,1373,16965,18338,2247,0,6,,,170,1367,15,118
3/29/2020,1537,164,,,1537,19037,20574,2236,1,7,,,163,1530,15,133
3/30/2020,1834,297,,,1834,21470,23304,2730,6,13,,109,182,1712,15,148
3/31/2020,2239,405,,,2239,25121,27360,4056,10,23,12,121,383,2095,27,175
4/1/2020,2683,444,,,2683,29769,32452,5092,1,24,16,137,427,2522,25,200
4/2/2020,2845,162,,,2845,31766,34611,2159,8,32,83,220,71,2593,63,263
4/3/2020,3067,222,,,3067,34772,37839,3228,5,37,28,248,189,2782,30,293
4/4/2020,3321,254,,,3321,38070,41391,3552,6,43,27,275,221,3003,18,311
4/5/2020,3633,312,,,3633,41667,45300,3909,1,44,20,295,291,3294,17,328
4/6/2020,3802,169,,,3802,43548,47350,2050,21,65,61,356,87,3381,24,352
4/7/2020,4138,336,,,4138,48736,52874,5524,7,72,110,466,219,3600,56,408
4/8/2020,4362,224,,,4362,52256,56618,3744,7,79,126,592,91,3691,41,449
4/9/2020,4634,272,,,4634,55215,59849,3231,15,94,329,921,-72,3619,56,505
4/10/2020,4862,228,,,4862,57937,62799,2950,4,98,224,1145,0,3619,31,536
4/11/2020,5114,252,,,5114,61714,66828,4029,3,101,241,1386,8,3627,20,556
4/12/2020,5308,194,,,5308,65369,70747,3919,0,101,118,1504,76,3703,11,567
4/13/2020,5610,302,,,5610,70585,76195,5448,8,109,167,1671,127,3830,12,579
4/14/2020,5823,213,,,5823,73008,78831,2636,15,124,298,1969,-100,3730,54,633
4/15/2020,6079,256,,,6079,74817,80896,2065,11,135,227,2196,18,3748,30,663
4/16/2020,6262,183,,,6262,78787,85049,4153,6,141,590,2786,-413,3335,28,691
4/17/2020,6589,327,,,6589,80684,87273,2224,1,142,231,3017,95,3430,20,711
4/18/2020,6762,173,,,6762,83824,90586,3313,3,145,217,3234,-47,3383,8,719
4/19/2020,7070,308,,,7070,90028,97098,6512,3,148,110,3344,195,3578,5,724
4/20/2020,7238,168,,,7238,93451,100689,3591,4,152,231,3575,-67,3511,6,730
4/21/2020,7394,156,,,7394,100788,108182,7493,5,157,253,3828,-102,3409,30,760
4/22/2020,7842,448,,,7842,107138,114980,6798,9,166,184,4012,255,3664,15,775
4/23/2020,8266,424,,,8266,114834,123100,8120,4,170,180,4192,240,3904,18,793
4/24/2020,8726,460,,,8726,122602,131328,8228,-2,168,178,4370,284,4188,15,808
4/25/2020,9189,463,,,9189,132217,141406,10078,10,178,97,4467,356,4544,13,821
4/26/2020,9667,478,,,9667,137807,147474,6068,3,181,60,4527,415,4959,7,828
4/27/2020,9918,251,,,9918,144484,154402,6928,3,184,193,4720,55,5014,9,837
4/28/2020,10052,134,,,10052,151876,161928,7526,4,188,201,4921,-71,4943,57,894
4/29/2020,10366,314,,,10366,158183,168549,6621,7,195,219,5140,88,5031,119,1013
4/30/2020,10735,369,,,10735,166891,177626,9077,4,199,198,5338,167,5198,32,1045
5/1/2020,11891,1156,,,11891,174241,186132,8506,5,204,208,5546,943,6141,68,1113
5/2/2020,12661,770,,,12661,183615,196276,10144,5,209,172,5718,593,6734,12,1125
5/3/2020,13177,516,,,13177,191430,204607,8331,1,210,96,5814,419,7153,10,1135
5/4/2020,13502,325,13502,,13502,197941,211443,6836,9,219,267,6081,118,7271,8,1143
5/5/2020,13624,122,13624,122,13624,205172,218796,7353,7,226,275,6356,-163,7108,13,1156
5/6/2020,13938,314,13938,314,13938,213163,227101,8305,13,239,208,6564,27,7135,67,1223
5/7/2020,14096,158,14096,158,14096,222232,236328,9227,-2,237,219,6783,-59,7076,43,1266
5/8/2020,14441,345,14441,345,14441,229137,243578,7250,4,241,228,7011,113,7189,33,1299
5/9/2020,14768,327,14768,327,14768,237980,252748,9170,1,242,358,7369,-32,7157,20,1319
5/10/2020,14985,217,14985,217,14985,246884,261869,9121,1,243,159,7528,57,7214,6,1325
5/11/2020,15544,559,15544,559,15544,257733,273277,11408,8,251,510,8038,41,7255,19,1344
5/12/2020,16110,566,16110,566,16110,267813,283924,10647,13,264,298,8336,255,7510,18,1362
5/13/2020,16370,260,16370,260,16370,276547,292917,8993,9,273,288,8624,-37,7473,26,1388
5/14/2020,16699,329,16699,329,16699,285618,302317,9400,14,287,257,8881,58,7531,47,1435
5/15/2020,16970,271,16970,271,16970,292786,309756,7439,3,290,399,9280,-131,7400,19,1454
5/16/2020,17288,318,17288,318,17288,302913,320201,10445,5,295,249,9529,64,7464,20,1474
5/17/2020,17388,100,17388,100,17388,307892,325280,5079,3,298,123,9652,-26,7438,8,1482
5/18/2020,18011,623,18011,623,18011,319417,337428,12148,3,301,234,9886,386,7824,7,1489
5/19/2020,18378,367,18378,367,18378,327745,346123,8695,4,305,1083,10969,-720,7104,9,1498
5/20/2020,18532,154,18532,154,18532,335481,354013,7890,4,309,814,11783,-664,6440,17,1515
5/21/2020,18961,429,18961,429,18961,341622,360583,6570,4,313,408,12191,17,6457,24,1539
5/22/2020,19394,433,19394,433,19394,348776,368170,7587,2,315,375,12566,56,6513,21,1560
5/23/2020,19789,395,19789,395,19789,353969,373758,5588,14,329,179,12745,202,6715,13,1573
5/24/2020,20145,356,20145,356,20145,363431,383576,9818,7,336,92,12837,257,6972,10,1583
5/25/2020,20607,462,20607,462,20607,375612,396219,12643,2,338,236,13073,224,7196,11,1594
5/26/2020,20965,358,20965,358,20965,382539,403504,7285,5,343,271,13344,82,7278,15,1609
5/27/2020,21306,341,21306,341,21306,388324,409630,6126,10,353,572,13916,-241,7037,38,1647
5/28/2020,21679,373,21679,373,21679,394310,415989,6359,3,356,716,14632,-346,6691,42,1689
5/29/2020,22085,406,22085,406,22085,399882,421967,5978,4,360,333,14965,69,6760,21,1710
5/30/2020,22566,481,22566,481,22566,404480,427046,5079,4,364,228,15193,249,7009,22,1732
5/31/2020,23006,440,23006,440,23006,412971,435977,8931,0,364,107,15300,333,7342,18,1750
6/1/2020,23554,548,23554,548,23554,424939,448493,12516,3,367,264,15564,281,7623,17,1767
6/2/2020,24375,821,24375,821,24375,437761,462136,13643,14,381,352,15916,455,8078,25,1792
6/3/2020,24822,447,24822,447,24822,445957,470779,8643,7,388,403,16319,37,8115,37,1829
6/4/2020,25120,298,25120,298,25120,451018,476138,5359,13,401,324,16643,-39,8076,26,1855
6/5/2020,25520,400,25520,400,25520,456652,482172,6034,7,408,282,16925,111,8187,38,1893
6/6/2020,26071,551,26071,551,26071,465350,491421,9249,9,417,199,17124,343,8530,30,1923
6/7/2020,26381,310,26381,310,26381,472387,498768,7347,1,418,98,17222,211,8741,9,1932
6/8/2020,26944,563,26944,563,26944,485819,512763,13995,3,421,341,17563,219,8960,16,1948
6/9/2020,27575,631,27575,631,27575,493622,521197,8434,14,435,450,18013,167,9127,26,1974
6/10/2020,27869,294,27869,294,27869,500766,528635,7438,1,436,503,18516,-210,8917,16,1990
6/11/2020,28340,471,28340,471,28340,506756,535096,6461,5,441,406,18922,60,8977,21,2011
